# answer
#
# HURTLE
# Code Table:
#  1  2  3  4  5  6  7  8  9 10 11 12 13
#  C  A  B  D  V  W  Y  X  G  F  Z  K  J
#
# 14 15 16 17 18 19 20 21 22 23 24 25 26
#  T  P  R  E  M  I  S  Q  U  H  N  O  L
#

# prize
23 22 16 14 26 17

# given
2=a
9=g
24=n

# guesses
4=d 
17=e 
25=o 
16=r 
14 = T
1=C 
8 = X 
15 = P 
19 = I 
20 = S 
22 = U 
18 = M 
11 = Z 
3 =  B  
26 =  L  
6 =  W  
5 =  V  
7 =  Y  
12 =  K  
21 =  Q  
10 =  F  
13 = J 
23=H

# grid
3  2  18  3  25  25  0  1  0  21  22  19  1  23  17  
26  0  2  0  0  15  19  26  2  22  0  0  25  0  8  
25  16  24  2  14  17  0  25  0  19  18  15  25  16  14  
20  0  0  9  0  24  0  6  0  11  0  25  0  0  16  
20 19 26 25 0 0 19 24 24 0 0 20 25 10 2  
25 0 0 9 16 19 24 0 2 15 20 17 0 0 1  
18 25 6 0 2 0 12 17 9 0 15 0 13 25 14  
0 0 16 22 3 7 0 16 0 11 17 16 25 0 0  
1 25 7 0 3 0 9 2 20 0 26 0 3 22 24  
2 0 0 5 19 20 2 0 23 2 26 10 0 0 25  
24 25 4 17 0 0 15 2 7 0 0 26 7 24 8  
5 0 0 19 0 13 0 6 0 17 0 2 0 0 19  
2 9 17 24 4 2 0 2 0 15 25 14 2 14 25  
20 0 18 0 0 1 25 16 9 19 0 0 16 0 22  
20 21 22 2 6 12 0 4 0 1 25 20 18 25 20  