# SHIELD
#
#  1  2  3  4  5  6  7  8  9 10 11 12 13
#  U  N  D  A  B  C  Q  E  S  W  R  Y  I
#
# 14 15 16 17 18 19 20 21 22 23 24 25 26
#  M  G  F  P  O  Z  L  J  K  X  H  V  T

# prize
9 24 13 8 20 3

# given
4=a
6=c
17=p

# guesses

# grid
0 4 5 18 1 26 0 17 0 16 13 15 24 26 0
13 0 11 0 0 10 24 4 20 8 0 0 4 0 21
6 24 8 7 1 8 0 2 0 3 4 19 19 20 8
13 0 4 0 0 20 0 4 0 18 0 0 8 0 26
6 18 14 5 0 25 13 6 4 11 0 17 20 1 9
20 0 0 4 23 8 0 8 0 4 15 18 0 0 4
8 4 9 26 0 0 6 4 17 0 0 11 18 18 14
0 0 0 26 11 13 18 0 11 13 16 26 0 0 0
21 1 26 8 0 0 10 24 12 0 0 11 13 2 3
4 0 0 11 4 26 0 18 0 9 8 4 0 0 18
6 13 26 12 0 10 18 11 9 26 0 12 4 11 2
22 0 4 0 0 13 0 13 0 11 0 0 10 0 22
4 1 5 1 11 2 0 19 0 8 7 1 4 26 8
20 0 20 0 0 15 20 18 9 9 0 0 13 0 12
0 25 8 11 25 8 0 2 0 9 13 23 26 24 0