#  1  2  3  4  5  6  7  8  9 10 11 12 13
#  A  D  N  G  F  K  Q  Y  S  W  X  I  E
#
# 14 15 16 17 18 19 20 21 22 23 24 25 26
#  U  M  J  L  R  C  H  V  O  P  B  T  Z

# prize

# given
1=a
8=y
23=p

# guesses
1=A
2=D
3=N
4=G
5=F
6=K
7=Q
8=Y
9=S
10=W
11=X
12=I
13=E
14=U
15=M
16=J
17=L
18=R
19=C
20=H
21=v
22=O
23=P
24=B
25=T

# grid
19 1 9 20 13 10 0 21 0 18 13 16 13 19 25
14 0 7 0 0 1 17 12 6 13 0 0 11 0 13
18 0 14 0 0 9 0 2 0 3 0 0 23 0 11
24 17 13 1 19 20 0 13 0 25 1 24 17 13 25
0 0 13 0 1 0 25 22 22 0 0 0 22 0 0
4 1 26 13 17 17 13 0 21 0 19 20 12 3 1
18 0 13 0 19 0 9 0 13 0 22 0 25 0 23
14 0 0 16 12 25 25 13 18 24 14 4 0 0 23
5 0 2 0 14 0 12 0 17 0 3 0 10 0 17
5 22 18 14 15 0 5 0 1 3 19 20 22 21 8
0 0 1 0 0 0 8 1 23 0 12 0 22 0 0
24 12 9 7 14 13 0 23 0 9 17 1 17 22 15
17 0 25 0 0 1 0 20 0 13 0 0 17 0 1
12 0 12 0 0 9 13 12 26 13 0 0 13 0 3
23 12 19 6 17 13 0 2 0 23 17 13 3 25 8