# Course
#
#  1  2  3  4  5  6  7  8  9 10 11 12 13
#  O  N  I  B  H  M  P  U  Z  V  G  S  D

# 14 15 16 17 18 19 20 21 22 23 24 25 26
#  R  Y  Q  L  K  W  F  J  T  E  X  A  C

# prize
26 1 8 14 12 23

# given
6=M
22=T
25=A

# guesses

# grid
12 7 3 2 25 26 5 0 4 1 2 25 2 9 25
16 0 13 0 0 8 0 26 0 7 0 0 3 0 13
8 0 17 0 25 14 26 5 19 25 15 0 26 0 25
23 10 23 2 0 20 0 3 0 16 0 12 18 3 6
17 0 0 0 21 23 25 17 1 8 12 0 0 0 25
26 1 10 23 0 19 0 17 0 23 0 13 25 19 2
5 0 23 0 20 0 21 3 11 0 6 0 13 0 22
0 25 2 11 1 14 25 0 1 14 25 22 1 14 0
19 0 1 0 24 0 19 23 22 0 22 0 14 0 26
5 15 6 2 0 11 0 24 0 7 0 4 23 23 14
3 0 0 0 4 25 14 1 2 23 22 0 0 0 15
12 3 9 23 0 17 0 13 0 2 0 17 23 12 12
18 0 3 0 20 17 1 8 2 26 23 0 25 0 22
23 0 2 0 0 1 0 12 0 3 0 0 14 0 25
14 23 26 23 3 7 22 0 20 17 25 2 2 23 17