#  1  2  3  4  5  6  7  8  9 10 11 12 13
#  N  P  T  Y  E  U  I  K  R  L  D  H  F
#
# 14 15 16 17 18 19 20 21 22 23 24 25 26
#  W  M  C  B  G  X  S  V  Q  O  Z  A  J

# prize

# given
2=P
20=s
25=A

# guesses

# grid
10 25 2 20 5 0 20 2 25 0 14 7 11 3 12
6 0 25 0 19 0 2 0 11 0 25 0 23 0 5
16 25 2 20 7 24 5 0 26 6 18 6 10 25 9
7 0 9 0 3 0 16 0 23 0 5 0 2 0 23
11 9 7 2 0 2 7 22 6 5 0 14 12 5 1
0 0 8 0 26 0 13 0 9 0 20 0 7 0 0
17 9 25 21 5 9 4 0 1 23 15 7 1 25 10
5 0 0 0 3 0 0 0 0 0 7 0 0 0 23
5 9 9 25 3 7 16 0 2 5 9 3 6 9 17
0 0 23 0 4 0 10 0 7 0 8 0 2 0 0
13 25 15 5 0 22 6 7 16 8 0 23 18 9 5
23 0 25 0 24 0 20 0 8 0 13 0 9 0 10
16 23 1 21 5 9 3 0 25 21 23 16 25 11 23
6 0 16 0 20 0 5 0 19 0 9 0 11 0 2
20 14 5 5 3 0 9 23 5 0 3 12 5 9 5