# STRIPE
#
#  1  2  3  4  5  6  7  8  9 10 11 12 13
#  K  W  U  I  Y  R  M  S  Z  J  G  X  C
#
# 14 15 16 17 18 19 20 21 22 23 24 25 26
#  V  F  N  P  D  A  T  H  Q  O  B  L  E

# prize
8 20 6 4 17 26

# given
7=M
19=A
16=N

# guesses
8=s

# grid
21 19 18 18 23 13 1 0 17 26 6 10 3 6 5
19 0 0 26 0 19 0 0 23 0 0 26 0 0 26
6 0 0 15 0 6 26 19 25 4 8 26 0 0 25
19 24 10 26 13 20 0 0 1 0 0 6 26 26 25
8 0 0 16 0 26 12 17 19 16 18 0 0 5 0
8 19 16 18 19 25 0 25 0 0 23 15 20 26 16
0 2 0 0 16 0 7 19 16 0 13 0 0 24 0
8 26 22 3 4 16 0 20 0 9 4 11 9 19 11
0 8 0 0 7 0 14 26 12 0 25 0 0 25 0
1 23 19 25 19 0 0 19 0 17 26 24 24 25 26
0 7 0 0 25 4 22 3 23 6 0 3 0 0 4
2 26 25 18 0 0 3 0 0 4 16 15 19 16 20
19 0 0 19 18 14 26 6 8 26 0 15 0 0 21
11 0 0 9 0 0 3 0 0 8 0 26 0 0 26
26 8 8 26 16 13 26 0 8 20 19 6 20 26 6