#  1  2  3  4  5  6  7  8  9 10 11 12 13
#  Z  G  Q  O  Y  B  N  V  L  F  P  U  C
#
# 14 15 16 17 18 19 20 21 22 23 24 25 26
#  H  R  E  T  A  X  I  W  J  D  M  S  K

# prize

# given
16=e
17=t
22=j
25=s

# guesses

# grid
22 16 18 9 4 12 25 0 3 12 18 5 0 17 0
0 3 0 18 0 0 11 0 12 0 0 18 0 14 0
6 12 1 1 0 9 20 8 20 23 0 13 15 16 21
0 20 0 5 0 0 26 0 17 0 0 14 0 24 0
25 11 18 0 11 16 16 26 0 10 18 17 14 16 15
20 0 7 0 15 0 0 0 10 0 24 0 0 0 16
19 0 8 0 16 18 25 17 16 15 7 0 25 0 13
17 15 20 6 16 0 18 0 17 0 16 8 16 15 5
16 0 9 0 7 12 13 9 16 12 25 0 7 0 13
16 0 0 0 16 0 26 0 0 0 17 0 25 0 9
7 4 6 4 23 5 0 1 18 7 5 0 16 8 16
0 19 0 17 0 0 21 0 9 0 0 22 0 18 0
22 20 9 17 0 15 18 8 16 7 0 16 16 9 25
0 23 0 16 0 0 2 0 15 0 0 25 0 12 0
0 16 0 15 18 2 16 0 17 16 25 17 20 16 15