#  1  2  3  4  5  6  7  8  9 10 11 12 13
#  A  J  R  E  M  T  I  Z  W  V  Q  O  L
#
# 14 15 16 17 18 19 20 21 22 23 24 25 26
#  F  Y  B  H  X  K  P  U  G  N  S  D  C

# prize
20 13 1 23 4 6

# given
3=r
12=o
15=y
18=x

# guesses

# grid
0 2 1 10 4 13 7 23 0 0 2 1 25 4 0
24 0 6 0 18 0 23 0 11 0 4 0 3 0 8
9 17 12 12 20 0 14 3 21 24 6 3 1 6 4
1 0 13 0 13 0 1 0 1 0 6 0 14 0 20
16 1 13 13 12 12 23 0 26 3 15 20 6 0 20
0 3 0 0 7 0 6 0 19 0 0 21 0 0 4
7 5 5 1 6 21 3 4 0 10 4 24 24 4 13
23 0 0 8 0 0 15 0 26 0 0 17 0 0 7
24 4 11 21 7 23 0 17 1 23 25 15 5 1 23
21 0 0 3 0 0 6 0 5 0 4 0 0 18 0
3 0 26 4 13 13 12 0 4 18 26 7 6 4 25
7 0 7 0 1 0 20 0 13 0 7 0 12 0 1
23 7 22 17 6 14 1 13 13 0 16 12 18 4 3 
22 0 1 0 4 0 8 0 7 0 4 0 7 0 19
0 12 3 15 18 0 0 20 1 25 13 12 26 19 0  