# VERSUS
#
#  1  2  3  4  5  6  7  8  9 10 11 12 13
#  V  T  A  H  N  G  O  B  S  K  U  P  D
#
# 14 15 16 17 18 19 20 21 22 23 24 25 26
#  Y  W  J  X  E  Q  Z  L  M  F  R  I  C

# prize
1 18 24 9 11 9

# given
3=a
5=n
21=l
25=i

# guesses

# grid
13 18 8 2 0 11 5 25 1 18 24 9 3 21 0
18 0 7 0 1 0 3 0 3 0 3 0 26 0 16
1 0 7 12 25 5 25 7 5 0 5 3 25 1 18
25 0 10 0 17 0 21 0 0 0 13 0 13 0 21
21 3 15 14 18 24 0 22 18 22 7 24 25 3 21
25 0 7 0 5 0 26 0 17 0 22 0 26 0 14
9 12 24 14 0 9 4 3 26 10 21 18 0 0 0
4 0 22 0 3 0 3 0 11 0 14 0 6 0 4
0 0 0 12 11 8 21 25 9 4 0 21 3 1 3
23 0 16 0 2 0 18 0 18 0 23 0 24 0 20
3 13 18 19 11 3 2 18 0 16 25 5 6 21 18
25 0 24 0 22 0 0 0 8 0 5 0 7 0 21
2 7 10 18 5 0 9 19 11 18 3 10 14 0 5
4 0 25 0 3 0 11 0 20 0 21 0 21 0 11
0 25 5 23 21 11 18 5 20 3 0 15 18 12 2